ktc_low;ktc_high;tot_erosion;tot_sedimentation;sed_river;sed_noriver;sed_buffer;sed_sewerin;sed_openwater;outlet_1;outlet_2
0.00;0.00;0.00;0.00;0.00;0.00;0.00;0.00;;0;0
0.00;1.00;-2266889.33;1827488.83;170528.88;8270.20;29504.04;166026.57;;170528.9062;0
0.00;2.00;-6800668.00;5482466.48;341057.77;16540.40;59008.09;332053.13;;341057.8125;0
0.00;3.00;-13591857.10;10958452.93;511069.42;24810.60;88512.13;497525.09;;511069.3438;0
0.00;4.00;-22610953.33;18235910.27;679771.06;33080.80;116828.34;659110.49;;679771.125;0
0.00;5.00;-33820479.71;27286760.49;845250.87;41351.00;144653.84;817246.45;;845251.0625;0
0.00;6.00;-47197855.55;38094985.47;1007044.20;49621.20;171380.03;974512.51;;1007044.125;0
0.00;7.00;-62697298.99;50630463.40;1162464.22;57516.64;196464.45;1129432.88;;1162464.375;0
0.00;8.00;-80231217.85;64837683.24;1312269.10;64945.09;218696.32;1278529.74;;1312269.25;0
0.00;9.00;-99723872.42;80675003.06;1456313.87;71199.01;237487.66;1415428.91;;1456313;0
0.00;10.00;-121102419.07;98086793.31;1594593.13;75813.41;255617.42;1545423.05;;1594592.875;0
0.00;11.00;-144294408.89;117017079.51;1724340.13;80282.96;271391.11;1672049.70;;1724339.25;0
0.00;12.00;-169241672.11;137421777.64;1848459.71;84371.11;286018.32;1793874.65;;1848459.375;0
0.00;13.00;-195871584.35;159241365.80;1967972.64;87977.36;300211.81;1909406.24;;1967972.875;0
0.00;14.00;-224111932.35;182416358.57;2083570.41;91219.52;314015.81;2018436.60;;2083570.625;0
0.00;15.00;-253916115.54;206907511.24;2196730.93;94319.38;327694.99;2124053.47;;2196730;0
0.00;16.00;-285229489.51;232665370.42;2308822.29;97220.83;341337.70;2226319.66;;2308822.25;0
0.00;17.00;-317994928.33;259637516.98;2418912.68;100022.51;354949.11;2326463.43;;2418912.25;0
0.00;18.00;-352151968.09;287769941.45;2527008.12;102751.35;368479.76;2422677.22;;2527007.25;0
0.00;19.00;-387637356.43;317003591.38;2632548.48;105412.57;381916.91;2517407.69;;2632548.5;0
0.00;20.00;-424401635.05;347291385.18;2737196.93;107968.74;395249.41;2611272.90;;2737197.5;0
0.00;21.00;-462391435.59;378583029.65;2840422.27;110464.83;408561.90;2704010.63;;2840421.75;0
0.00;22.00;-501550145.99;410826097.42;2942060.31;112927.43;421828.54;2794268.83;;2942059.75;0
0.00;23.00;-541816234.95;443961531.22;3042707.40;115361.30;435032.33;2883061.26;;3042706.25;0
0.00;24.00;-583126917.34;477931340.59;3141840.21;117762.12;447513.96;2969291.56;;3141840.25;0
0.00;25.00;-625424412.44;512681867.15;3239665.12;119912.78;459635.63;3053838.21;;3239663.5;0
1.00;1.00;-627979379.26;514574554.13;231339.64;8896.25;71724.65;260129.37;;231167.5156;0
1.00;2.00;-632696440.26;518184663.86;405240.54;17166.45;101842.74;426675.25;;405068.4375;0
1.00;3.00;-639642724.05;523585249.77;576168.04;25436.65;131506.39;592960.73;;575996;0
1.00;4.00;-648812473.97;530780075.68;746478.36;33706.85;160120.08;755026.43;;746306;0
1.00;5.00;-660173490.63;539747289.35;912155.57;41977.05;188069.31;913366.72;;911983.5;0
1.00;6.00;-673702960.41;550470766.35;1074197.92;50247.25;215704.03;1070874.41;;1074025.875;0
1.00;7.00;-689369109.12;562930339.37;1232515.90;58142.69;242363.23;1226253.45;;1232343.75;0
1.00;8.00;-707095919.44;577085071.92;1383367.88;65571.14;265156.34;1376509.80;;1383195.625;0
1.00;9.00;-726798217.65;592885180.67;1527744.57;71825.06;284069.54;1514431.15;;1527572;0
1.00;10.00;-748389632.79;610262316.70;1666372.04;76457.44;302390.96;1644535.44;;1666199.625;0
1.00;11.00;-771794052.90;629155566.78;1797997.08;80926.99;318180.77;1771211.68;;1797824;0
1.00;12.00;-796949576.06;649518043.10;1923108.93;85015.14;332822.94;1893044.68;;1922936.625;0
1.00;13.00;-823791739.88;671299310.86;2042705.50;88621.38;347017.24;2008582.04;;2042533.5;0
1.00;14.00;-852249422.54;694440655.18;2158643.10;91863.55;360821.25;2117692.42;;2158471.25;0
1.00;15.00;-882268244.74;718894450.43;2272794.57;94963.40;374500.42;2223331.64;;2272622.25;0
1.00;16.00;-913797513.31;744616193.47;2384900.23;97864.86;388143.14;2325597.83;;2384728.5;0
1.00;17.00;-946781374.85;771554306.09;2495252.98;100666.54;401754.54;2425916.42;;2495079.5;0
1.00;18.00;-981163343.11;799657897.22;2603691.44;103395.37;415365.01;2523012.67;;2603519.25;0
1.00;19.00;-1016876089.87;828864794.57;2709404.76;106056.59;428934.26;2617787.17;;2709232.5;0
1.00;20.00;-1053869298.67;859127220.01;2814111.88;108612.76;442349.14;2711679.84;;2813940.25;0
1.00;21.00;-1092090595.46;890396060.32;2917337.22;111108.86;455661.63;2804417.58;;2917164.5;0
1.00;22.00;-1131479505.02;922615015.59;3018986.52;113571.45;468928.28;2894675.77;;3018813.5;0
1.00;23.00;-1171976879.36;955727399.50;3119647.97;116005.33;482132.06;2983469.08;;3119474;0
1.00;24.00;-1213523585.22;989678250.32;3219427.54;118406.15;494613.70;3069699.38;;3219255.25;0
1.00;25.00;-1256059647.54;1024411675.82;3317905.45;120556.80;506735.37;3154269.00;;3317730.5;0
2.00;2.00;-1261007333.59;1028087833.50;448818.28;17697.47;136372.77;503596.40;;448549.3125;0
2.00;3.00;-1268097313.93;1033455825.38;625334.76;25967.67;168541.61;672772.04;;625065.9375;0
2.00;4.00;-1277375447.57;1040576398.51;798198.20;34237.87;198783.37;836517.36;;797929.1875;0
2.00;5.00;-1288832475.48;1049452529.64;966610.77;42508.07;227373.72;995285.54;;966341.875;0
2.00;6.00;-1302450607.96;1060074004.75;1129260.15;50778.26;255655.23;1153190.99;;1128991.5;0
2.00;7.00;-1318203987.83;1072427640.56;1288038.15;58673.71;283073.04;1308911.85;;1287769.375;0
2.00;8.00;-1336027613.88;1086480055.89;1441591.86;66102.15;307514.67;1459843.45;;1441322.25;0
2.00;9.00;-1355839550.86;1102188918.14;1586870.11;72356.08;326633.32;1598194.88;;1586600.5;0
2.00;10.00;-1377553613.22;1119485717.06;1725923.42;77006.42;345118.77;1729575.11;;1725654.5;0
2.00;11.00;-1401086177.09;1138302236.81;1857887.24;81475.98;361124.24;1857371.40;;1857618;0
2.00;12.00;-1426367370.61;1158582406.96;1985587.30;85564.12;375830.31;1979439.49;;1985318.75;0
2.00;13.00;-1453326228.72;1180271381.82;2105770.37;89170.37;390102.69;2095107.69;;2105501.75;0
2.00;14.00;-1481899273.48;1203318439.24;2221887.50;92412.53;403985.56;2204406.20;;2221619.75;0
2.00;15.00;-1512040390.75;1227684118.04;2336465.37;95512.39;417740.83;2310122.42;;2336196;0
2.00;16.00;-1543691893.73;1253316715.57;2449468.89;98413.85;431454.13;2412388.62;;2449200.5;0
2.00;17.00;-1576799084.57;1280166706.95;2559821.67;101215.52;445136.14;2512707.20;;2559551.75;0
2.00;18.00;-1611306739.82;1308184058.50;2668365.65;103944.36;458817.20;2610103.29;;2668096.25;0
2.00;19.00;-1647150907.68;1337309210.69;2774534.30;106605.58;472457.05;2705591.62;;2774265.5;0
2.00;20.00;-1684278273.36;1367492304.69;2879417.26;109161.75;485992.24;2799500.86;;2879148.25;0
2.00;21.00;-1722634274.17;1398682001.27;2982743.87;111657.84;499507.43;2892282.64;;2982474.75;0
2.00;22.00;-1762159449.04;1430823150.91;3084397.34;114120.44;512955.56;2982578.32;;3084127.75;0
2.00;23.00;-1802795929.08;1463860486.90;3185064.70;116554.32;526226.94;3071372.51;;3184795;0
2.00;24.00;-1844480967.13;1497735423.24;3284869.69;118955.13;538776.20;3157602.82;;3284601.5;0
2.00;25.00;-1887159196.61;1532396583.12;3383453.50;121105.79;550965.48;3242174.67;;3383182.5;0
3.00;3.00;-1894436657.81;1537813531.05;662558.45;26214.00;198834.62;735909.78;;662192.875;0
3.00;4.00;-1903834979.49;1544904138.87;840642.92;34484.20;231322.89;903336.31;;840276.625;0
3.00;5.00;-1915374842.09;1553705345.22;1011777.27;42754.40;261891.44;1064571.75;;1011411.5;0
3.00;6.00;-1929066360.87;1564235243.51;1177557.37;51024.60;291585.98;1224463.62;;1177191.875;0
3.00;7.00;-1944883825.45;1576482376.15;1338553.73;58920.04;320390.32;1381059.16;;1338188.375;0
3.00;8.00;-1962769932.90;1590422721.02;1493898.43;66348.49;345823.03;1532356.95;;1493531.875;0
3.00;9.00;-1982649856.36;1606020424.89;1640978.98;72602.41;366722.47;1671362.78;;1640613;0
3.00;10.00;-2004439463.52;1623211367.67;1780948.40;77260.62;385762.95;1803164.59;;1780582.25;0
3.00;11.00;-2028056185.23;1641928882.33;1913456.35;81732.81;402251.38;1931337.66;;1913089.875;0
3.00;12.00;-2053430062.31;1662116431.80;2041558.59;85823.60;417292.34;2054642.54;;2041192.75;0
3.00;13.00;-2080483388.25;1683710693.70;2164568.48;89431.79;431812.60;2170962.10;;2164203;0
3.00;14.00;-2109142230.95;1706653514.26;2281045.00;92673.96;445862.32;2280469.04;;2280680.25;0
3.00;15.00;-2139366852.91;1730911907.22;2396088.59;95773.81;459743.99;2386316.67;;2395722.5;0
3.00;16.00;-2171105256.13;1756439638.14;2509661.81;98675.27;473473.62;2488757.82;;2509296;0
3.00;17.00;-2204303577.99;1783187886.99;2620760.20;101476.95;487160.80;2589217.10;;2620393.5;0
3.00;18.00;-2238901434.14;1811102205.57;2729306.45;104205.78;500844.72;2686753.18;;2728940.25;0
3.00;19.00;-2274834526.58;1840122208.43;2835515.84;106867.00;514486.91;2782823.10;;2835149.25;0
3.00;20.00;-2312054759.23;1870202815.14;2940752.90;109423.17;528023.04;2877442.44;;2940387.25;0
3.00;21.00;-2350505322.55;1901291062.02;3044372.83;111919.27;541539.10;2970361.21;;3044006.5;0
3.00;22.00;-2390126400.82;1933331577.75;3146172.45;114381.86;555007.63;3060800.25;;3145806.25;0
3.00;23.00;-2430858268.51;1966267268.76;3246852.18;116815.74;568411.88;3149726.15;;3246486;0
3.00;24.00;-2472641142.17;2000042606.81;3346659.45;119216.56;581094.01;3236002.04;;3346294.75;0
3.00;25.00;-2515419456.05;2034606137.07;3445290.69;121367.21;593294.55;3320579.08;;3444923.75;0
4.00;4.00;-2524961912.13;2041720419.64;871706.06;34669.78;260025.96;956905.02;;871243.125;0
4.00;5.00;-2536602784.17;2050490187.32;1047676.06;42939.98;291937.65;1122679.46;;1047213.625;0
4.00;6.00;-2550357150.02;2060943151.24;1217422.35;51210.18;323100.15;1284811.67;;1216960.375;0
4.00;7.00;-2566219867.28;2073089583.11;1380075.68;59105.62;353550.11;1443459.54;;1379613.125;0
4.00;8.00;-2584146462.25;2086916036.30;1538047.29;66534.06;380866.48;1597052.55;;1537584.25;0
4.00;9.00;-2604071208.83;2102395764.17;1689145.26;72787.99;403508.35;1738309.82;;1688681.75;0
4.00;10.00;-2625909785.41;2119469222.55;1830638.09;77446.19;423767.68;1870949.12;;1830175.5;0
4.00;11.00;-2649579512.80;2138071308.04;1964176.63;81918.39;440771.73;1999529.79;;1963713.125;0
4.00;12.00;-2675010282.62;2158146324.84;2092698.53;86009.17;456138.82;2123052.24;;2092235.875;0
4.00;13.00;-2702130497.47;2179636054.12;2216640.14;89617.37;470892.45;2240175.66;;2216177.75;0
4.00;14.00;-2730854232.83;2202468607.93;2335758.57;92859.53;485125.68;2350560.72;;2335296.75;0
4.00;15.00;-2761133288.06;2226605093.04;2451458.26;95959.39;499201.60;2456591.14;;2450996;0
4.00;16.00;-2792921891.81;2252005814.13;2565395.46;98860.85;513175.80;2559144.50;;2564933.25;0
4.00;17.00;-2826170749.88;2278626008.12;2677414.22;101662.52;527073.32;2659705.26;;2676950.5;0
4.00;18.00;-2860825960.92;2306417994.11;2786650.93;104391.36;540913.77;2757342.20;;2786188.5;0
4.00;19.00;-2896822815.83;2335321555.81;2892984.38;107052.58;554698.73;2853512.95;;2892522.25;0
4.00;20.00;-2934104850.65;2365282674.68;2998337.60;109608.75;568377.07;2948811.76;;2997876.5;0
4.00;21.00;-2972620804.68;2396254068.73;3102102.84;112104.84;582035.03;3042236.84;;3101640.25;0
4.00;22.00;-3012309652.90;2428179492.95;3204211.12;114567.44;595626.82;3132713.36;;3203750;0
4.00;23.00;-3053110933.60;2461001146.83;3305186.33;117001.32;609138.85;3221676.16;;3304723.75;0
4.00;24.00;-3094965367.36;2494664288.16;3405001.14;119402.13;621839.34;3308075.96;;3404540.5;0
4.00;25.00;-3137814163.40;2529114211.07;3503632.39;121552.79;634175.69;3392817.05;;3503170;0
5.00;5.00;-3149564702.42;2537883023.67;1076870.91;43103.19;319931.23;1170443.07;;1076311.75;0
5.00;6.00;-3163406094.35;2548302636.37;1249547.39;51373.39;352193.33;1335665.67;;1248988.5;0
5.00;7.00;-3179333182.05;2560383755.97;1416745.87;59268.83;383692.95;1498039.80;;1416187.125;0
5.00;8.00;-3197300626.13;2574116205.60;1576724.83;66697.27;412285.99;1653239.07;;1576165.25;0
5.00;9.00;-3217255763.69;2589486058.35;1729818.77;72951.20;436214.40;1795214.83;;1729259.375;0
5.00;10.00;-3239129270.91;2606446172.63;1874406.19;77609.40;459121.15;1929404.67;;1873847.125;0
5.00;11.00;-3262840354.26;2624936936.02;2009830.11;82081.60;477476.04;2059192.01;;2009270.5;0
5.00;12.00;-3288318362.86;2644902629.17;2140770.38;86172.39;493448.74;2183588.00;;2140211.25;0
5.00;13.00;-3315486759.52;2666282294.17;2265404.41;89780.58;508472.25;2301432.78;;2264844.75;0
5.00;14.00;-3344267563.64;2689010920.36;2385895.02;93022.74;522975.72;2412903.68;;2385336.5;0
5.00;15.00;-3374603057.86;2713039781.75;2503215.28;96122.60;537258.23;2520146.12;;2502655;0
5.00;16.00;-3406440996.55;2738324256.85;2617725.17;99024.06;551466.24;2623384.01;;2617165.5;0
5.00;17.00;-3439737144.97;2764824739.83;2730388.40;101825.73;565568.11;2724489.12;;2729827.25;0
5.00;18.00;-3474438458.63;2792493617.75;2841170.90;104554.57;579595.68;2822575.28;;2840610.25;0
5.00;19.00;-3510483628.34;2821275027.52;2948250.38;107215.79;593569.50;2919050.99;;2947690;0
5.00;20.00;-3547819787.81;2851118926.83;3054122.11;109771.96;607416.75;3014539.85;;3053562.5;0
5.00;21.00;-3586390054.12;2881971892.47;3158223.71;112268.06;621241.52;3108846.76;;3157663.75;0
5.00;22.00;-3626133243.29;2913778248.08;3260435.46;114730.65;634983.99;3199737.96;;3259876;0
5.00;23.00;-3666990810.92;2946482299.42;3361698.39;117164.53;648537.27;3288851.69;;3361139.75;0
5.00;24.00;-3708901784.22;2980027293.32;3462054.70;119565.34;661344.98;3375394.87;;3461496.25;0
5.00;25.00;-3751812590.90;3014364026.55;3560832.72;121716.00;673792.72;3460275.54;;3560272.25;0
6.00;6.00;-3765736257.41;3024761149.02;1277287.02;51524.82;379239.91;1380963.36;;1276631.375;0
6.00;7.00;-3781730223.84;3036796110.34;1446643.00;59420.26;412112.46;1545339.14;;1445987.625;0
6.00;8.00;-3799750980.04;3050460361.85;1610522.34;66848.70;441626.76;1703117.16;;1609865.625;0
6.00;9.00;-3819737563.96;3065732683.01;1766878.31;73102.63;466519.47;1848439.59;;1766221.875;0
6.00;10.00;-3841635300.84;3082582685.83;1914268.65;77760.83;490480.92;1983997.79;;1913613.125;0
6.00;11.00;-3865375912.36;3100963104.62;2051333.89;82233.03;511059.30;2114738.32;;2050677.375;0
6.00;12.00;-3890888684.15;3120820607.42;2183026.93;86323.82;528279.58;2239741.58;;2182371.25;0
6.00;13.00;-3918099460.93;3142095449.84;2309886.80;89932.01;544455.72;2358264.78;;2309231.25;0
6.00;14.00;-3946924573.29;3164717878.26;2432108.43;93174.17;559840.96;2470351.27;;2431453.25;0
6.00;15.00;-3977307110.51;3188639490.38;2552385.93;96274.03;574304.32;2578130.10;;2551729.25;0
6.00;16.00;-4009192427.56;3213814872.21;2668182.31;99175.49;588623.88;2682042.81;;2667526.25;0
6.00;17.00;-4042527609.78;3240197437.75;2780904.54;101977.16;602787.75;2783400.09;;2780248;0
6.00;18.00;-4077263344.68;3267743236.99;2891806.91;104706.00;616886.61;2881749.33;;2891150.5;0
6.00;19.00;-4113342747.82;3296399885.36;3000064.58;107367.22;630933.85;2978457.40;;2999409.25;0
6.00;20.00;-4150715851.56;3326120840.71;3106452.56;109923.39;644833.66;3074243.64;;3105797;0
6.00;21.00;-4189329316.99;3356856174.37;3211197.55;112419.48;658671.97;3168798.72;;3210542;0
6.00;22.00;-4229118834.68;3388546261.48;3314017.17;114882.08;672446.21;3260788.08;;3313361.75;0
6.00;23.00;-4270021300.68;3421131650.82;3415692.62;117315.96;686145.12;3350279.86;;3415036.25;0
6.00;24.00;-4311975218.50;3454555530.90;3516149.47;119716.77;699108.78;3437034.12;;3515494.5;0
6.00;25.00;-4354927551.75;3488768978.69;3615357.87;121867.43;711710.80;3522083.65;;3614700.75;0
7.00;7.00;-4370977243.94;3500762213.09;1473188.61;59546.90;436831.67;1587301.92;;1472436.375;0
7.00;8.00;-4389046989.86;3514368797.28;1638995.89;66975.35;467931.54;1748296.38;;1638242.625;0
7.00;9.00;-4409072094.66;3529566015.96;1797895.61;73229.27;494122.68;1895183.06;;1797142.125;0
7.00;10.00;-4430994765.52;3546319852.48;1949299.13;77887.47;518917.28;2032985.53;;1948546.5;0
7.00;11.00;-4454750101.29;3564585621.74;2090250.19;82359.67;541027.93;2166640.14;;2089497.25;0
7.00;12.00;-4480275165.49;3584321392.02;2223019.16;86450.46;560345.31;2293197.97;;2222267;0
7.00;13.00;-4507502642.10;3605476865.75;2350473.91;90058.65;577246.37;2412193.63;;2349722;0
7.00;14.00;-4536356286.78;3627988878.03;2473962.96;93300.82;593248.80;2524920.83;;2473210.5;0
7.00;15.00;-4566774692.60;3651804166.15;2595314.74;96400.67;608860.10;2633449.52;;2594561.75;0
7.00;16.00;-4598697872.26;3676870104.79;2714251.36;99302.13;624173.77;2738404.45;;2713499;0
7.00;17.00;-4632070799.40;3703139616.83;2828568.29;102103.81;639141.94;2840899.91;;2827814;0
7.00;18.00;-4666838024.88;3730564984.92;2940289.86;104832.64;653447.28;2939351.18;;2939536.25;0
7.00;19.00;-4702944669.95;3759095908.58;3049226.47;107493.86;667612.07;3036214.94;;3048474.25;0
7.00;20.00;-4740340609.82;3788686039.69;3156115.35;110050.03;681526.52;3132086.66;;3155363.75;0
7.00;21.00;-4778976823.74;3819290091.76;3261108.03;112546.13;695369.92;3226655.46;;3260356.5;0
7.00;22.00;-4818793467.43;3850852861.84;3364225.90;115008.72;709162.81;3318644.89;;3363474.5;0
7.00;23.00;-4859728303.92;3883314755.85;3466210.25;117442.60;722880.34;3409146.66;;3465458.5;0
7.00;24.00;-4901716282.51;3916616192.80;3567194.11;119843.41;735862.65;3495904.93;;3566443.5;0
7.00;25.00;-4944700802.15;3950704666.41;3666931.31;121994.07;748479.85;3580954.83;;3666178;0
8.00;8.00;-4962810929.77;3964257939.52;1664976.33;67068.77;491952.34;1787996.85;;1664125.875;0
8.00;9.00;-4982875079.75;3979392857.92;1825515.10;73322.70;519424.03;1937718.27;;1824664.75;0
8.00;10.00;-5004825535.65;3996066898.16;1978782.37;77980.90;545332.85;2077027.70;;1977932.75;0
8.00;11.00;-5028601549.83;4014239242.02;2123696.09;82453.10;568329.58;2211787.93;;2122845.75;0
8.00;12.00;-5054142772.56;4033867364.63;2261229.67;86543.89;589530.23;2341210.07;;2260380.5;0
8.00;13.00;-5081381959.13;4054904874.92;2389765.99;90152.08;608079.04;2463227.92;;2388916.75;0
8.00;14.00;-5110243871.27;4077293131.95;2513789.18;93394.25;624779.80;2576984.10;;2512939.75;0
8.00;15.00;-5140673637.80;4100985566.42;2636297.55;96494.10;640907.66;2685928.62;;2635447.75;0
8.00;16.00;-5172613957.87;4125932094.45;2756349.27;99395.56;656652.33;2791275.84;;2755499.25;0
8.00;17.00;-5206010719.74;4152085847.83;2872173.19;102197.24;671991.85;2894564.06;;2871321.75;0
8.00;18.00;-5240803493.45;4179393938.84;2984682.53;104926.07;687192.37;2994427.50;;2983833;0
8.00;19.00;-5276936172.58;4207805843.43;3094531.66;107587.29;702145.29;3091857.96;;3093682;0
8.00;20.00;-5314356343.85;4237272179.24;3203251.46;110143.46;716698.72;3188246.75;;3202403.25;0
8.00;21.00;-5353013669.87;4267748221.16;3308803.23;112639.56;730791.77;3283091.92;;3307955.25;0
8.00;22.00;-5392851146.92;4299182060.39;3412315.03;115102.15;744797.71;3375115.27;;3411466.5;0
8.00;23.00;-5433807174.47;4331514778.62;3514788.14;117536.03;758600.66;3465645.51;;3513940;0
8.00;24.00;-5475821009.62;4364690002.18;3616374.70;119936.84;771645.71;3553438.66;;3615526.75;0
8.00;25.00;-5518836558.73;4398657014.67;3716446.42;122087.50;784327.79;3638509.85;;3715595.75;0
9.00;9.00;-5538929094.11;4413729878.05;1850288.49;73367.31;542525.82;1975806.09;;1849341;0
9.00;10.00;-5560908599.01;4430335745.17;2005205.36;78025.52;570120.41;2118089.84;;2004258.75;0
9.00;11.00;-5584704080.03;4448425135.18;2151645.02;82497.71;593960.35;2253940.06;;2150697.25;0
9.00;12.00;-5610263040.05;4467962266.87;2293078.74;86588.50;616094.75;2383833.44;;2292132.25;0
9.00;13.00;-5637514352.39;4488895779.94;2425887.95;90196.69;636644.56;2506761.97;;2424941.25;0
9.00;14.00;-5666388862.40;4511174509.25;2551918.12;93438.86;654774.15;2622920.54;;2550971.75;0
9.00;15.00;-5696828355.29;4534749943.74;2674990.52;96538.71;671698.46;2734975.17;;2674043.25;0
9.00;16.00;-5728775834.13;4559573040.04;2796344.44;99440.17;687945.62;2842273.63;;2795397.5;0
9.00;17.00;-5762181746.38;4585602253.55;2914052.10;102241.85;703801.39;2946157.76;;2913103.25;0
9.00;18.00;-5796986928.88;4612787797.44;3026792.50;104970.68;719277.56;3046518.03;;3025844.75;0
9.00;19.00;-5833128785.27;4641072237.56;3136787.73;107631.90;734463.20;3144867.50;;3135841.75;0
9.00;20.00;-5870559930.84;4670411492.25;3245732.74;110188.07;749414.48;3241688.67;;3244788.25;0
9.00;21.00;-5909231306.60;4700761068.29;3352417.66;112684.17;764145.85;3337237.98;;3351472.5;0
9.00;22.00;-5949084964.50;4732068551.04;3456758.29;115146.76;778650.34;3429994.18;;3455813.5;0
9.00;23.00;-5990058206.58;4764274295.94;3560054.43;117580.64;792990.55;3520815.00;;3559109;0
9.00;24.00;-6032088863.70;4797321310.17;3661867.76;119981.46;806322.89;3608937.45;;3660923.5;0
9.00;25.00;-6075124173.43;4831161489.70;3762228.79;122132.11;819232.08;3695054.49;;3761282;0
10.00;10.00;-6097124383.90;4847700737.48;2029122.93;78058.00;592230.15;2154877.12;;2028079.875;0
10.00;11.00;-6120940502.10;4865716773.63;2177230.80;82530.19;618028.71;2293427.57;;2176186.75;0
10.00;12.00;-6146514232.10;4885170320.67;2319862.91;86620.98;641120.35;2424780.69;;2318820;0
10.00;13.00;-6173780385.43;4906013997.12;2456616.58;90229.18;662777.77;2548324.57;;2455573;0
10.00;14.00;-6202665332.87;4928192578.45;2585742.26;93471.34;682585.43;2664981.66;;2584699.25;0
10.00;15.00;-6233118115.24;4951665555.33;2712365.72;96571.19;700588.25;2777408.28;;2711321.25;0
10.00;16.00;-6265075692.03;4976379515.92;2834558.24;99472.65;717965.43;2886072.19;;2833514.25;0
10.00;17.00;-6298486268.88;5002289358.42;2953659.11;102274.33;734546.43;2992514.40;;2952613.5;0
10.00;18.00;-6333297236.97;5029352596.65;3067876.67;105003.17;750421.45;3094932.80;;3066833.75;0
10.00;19.00;-6369447509.03;5057515178.13;3178025.70;107664.38;766079.72;3194689.62;;3176984.5;0
10.00;20.00;-6406885246.14;5086728828.60;3287137.05;110220.56;781284.24;3292911.58;;3286096.5;0
10.00;21.00;-6445562128.62;5116949915.40;3394653.11;112716.65;796186.59;3388818.13;;3393611.5;0
10.00;22.00;-6485421357.95;5148128064.44;3499089.81;115179.25;810895.51;3481777.69;;3498048;0
10.00;23.00;-6526402146.48;5180205603.57;3602390.57;117613.12;825406.56;3573066.68;;3601348.25;0
10.00;24.00;-6568440770.86;5213123967.29;3704832.12;120013.94;838823.28;3661374.46;;3703791;0
10.00;25.00;-6611484227.13;5246834362.64;3805998.33;122164.60;851842.66;3747908.56;;3804955;0
11.00;11.00;-6635312738.72;5264778054.37;2200323.11;82551.04;639395.59;2329255.23;;2199182.25;0
11.00;12.00;-6660897500.06;5284151816.10;2344473.52;86641.83;664567.95;2462855.76;;2343334.25;0
11.00;13.00;-6688174790.99;5304910668.23;2482739.49;90250.02;687472.34;2588198.46;;2481600;0
11.00;14.00;-6717068039.00;5326996368.45;2614841.49;93492.19;708545.84;2705813.63;;2613701.75;0
11.00;15.00;-6747529832.51;5350372686.03;2743497.56;96592.04;727915.09;2818747.66;;2742357.5;0
11.00;16.00;-6779496857.32;5374984982.73;2869816.59;99493.50;745899.82;2927626.73;;2868677.5;0
11.00;17.00;-6812914877.98;5400787700.96;2991241.85;102295.18;763196.78;3034416.36;;2990100;0
11.00;18.00;-6847727166.33;5427733056.07;3107736.20;105024.01;780212.11;3137971.75;;3106596.25;0
11.00;19.00;-6883877042.86;5455773144.68;3217937.93;107685.23;796530.47;3239810.54;;3216799.5;0
11.00;20.00;-6921313601.37;5484861006.01;3327102.04;110241.40;812267.96;3339837.44;;3325963.5;0
11.00;21.00;-6959985779.83;5514950974.79;3434800.80;112737.50;827623.27;3436806.58;;3433662;0
11.00;22.00;-6999837976.32;5545994050.21;3539984.39;115200.09;842473.75;3530441.76;;3538845.25;0
11.00;23.00;-7040814964.57;5577938604.19;3643403.91;117633.97;857137.54;3622415.72;;3642264;0
11.00;24.00;-7082853254.09;5610726113.95;3745932.57;120034.78;870779.24;3711351.02;;3744793.5;0
11.00;25.00;-7125895281.91;5644303536.56;3847141.54;122185.44;884006.98;3798284.86;;3846000;0
12.00;12.00;-7151489617.17;5663603963.66;2366887.83;86651.98;685306.67;2497925.72;;2365651.75;0
12.00;13.00;-7178771875.39;5684279522.25;2506888.66;90260.18;710100.19;2625090.99;;2505652.5;0
12.00;14.00;-7207675794.27;5706281620.68;2641402.60;93502.34;732770.02;2744123.80;;2640166.25;0
12.00;15.00;-7238145231.16;5729566510.48;2771466.34;96602.20;753934.74;2858616.79;;2770229.25;0
12.00;16.00;-7270125288.98;5754089196.46;2899593.59;99503.66;772914.31;2968152.10;;2898357.5;0
12.00;17.00;-7303554003.50;5779795631.63;3024054.68;102305.33;790800.21;3075149.23;;3022816.5;0
12.00;18.00;-7338375226.47;5806637038.50;3145235.74;105034.17;808213.69;3179027.33;;3144000;0
12.00;19.00;-7374532432.39;5834568593.15;3257249.76;107695.39;825219.90;3281272.61;;3256014.5;0
12.00;20.00;-7411972169.57;5863541984.22;3366474.06;110251.56;841783.71;3382173.79;;3365239.5;0
12.00;21.00;-7450647766.39;5893514587.64;3474172.86;112747.65;857665.07;3481670.42;;3472938.25;0
12.00;22.00;-7490499260.12;5924432596.00;3580064.16;115210.25;873170.62;3577367.71;;3578828.25;0
12.00;23.00;-7531469208.36;5956244915.58;3683630.84;117644.13;888244.38;3669476.56;;3682394.25;0
12.00;24.00;-7573500633.48;5988899972.20;3786270.80;120044.94;902031.43;3758488.93;;3785035.75;0
12.00;25.00;-7616540295.05;6022349034.81;3887528.18;122195.60;915416.38;3845578.56;;3886289.75;0
13.00;13.00;-7643831904.80;6042952559.57;2528687.40;90268.36;730528.27;2659436.09;;2527353.5;0
13.00;14.00;-7672739065.15;6064871546.39;2665266.96;93510.52;754647.15;2779989.09;;2663933.75;0
13.00;15.00;-7703214977.14;6088071352.67;2797860.37;96610.38;777338.85;2895200.87;;2796527.75;0
13.00;16.00;-7735200652.17;6112503775.39;2926561.62;99511.84;798631.13;3005987.73;;2925228.25;0
13.00;17.00;-7768641044.62;6138122114.25;3052706.41;102313.51;817529.61;3114137.75;;3051372;0
13.00;18.00;-7803473066.10;6164871395.03;3175752.58;105042.35;835384.10;3218777.74;;3174420.25;0
13.00;19.00;-7839636320.73;6192698532.06;3294312.46;107703.57;852711.06;3321281.02;;3292981;0
13.00;20.00;-7877081151.30;6221563569.80;3405199.32;110259.74;869732.87;3422565.65;;3403868.5;0
13.00;21.00;-7915759046.05;6251423640.28;3512979.30;112755.84;886262.94;3522576.76;;3511648;0
13.00;22.00;-7955613857.03;6282228167.72;3618944.37;115218.43;902291.30;3619636.40;;3617611.5;0
13.00;23.00;-7996583967.71;6313920578.78;3723152.91;117652.31;917781.16;3713940.54;;3721820.75;0
13.00;24.00;-8038610081.29;6346447630.07;3825866.74;120053.12;932178.95;3804767.37;;3824534.75;0
13.00;25.00;-8081639956.79;6379763277.97;3927193.40;122203.78;946086.83;3892060.81;;3925859;0
14.00;14.00;-8110552326.38;6401608689.53;2686506.88;93510.52;773737.08;2813748.60;;2685076.75;0
14.00;15.00;-8141029117.46;6424724513.63;2821928.01;96610.38;798135.24;2930504.76;;2820498;0
14.00;16.00;-8173016506.25;6449069267.10;2952421.28;99511.84;821195.55;3041977.70;;2950991;0
14.00;17.00;-8206462948.35;6474600293.77;3079083.74;102313.51;842760.98;3150611.28;;3077653.25;0
14.00;18.00;-8241305975.24;6501264852.69;3202877.70;105042.35;861766.35;3255755.44;;3201449.25;0
14.00;19.00;-8277478832.60;6529003175.11;3322772.05;107703.57;879575.28;3359023.46;;3321343;0
14.00;20.00;-8314928421.95;6557768100.99;3439575.82;110259.74;896802.81;3460621.19;;3438148.5;0
14.00;21.00;-8353605012.78;6587517710.43;3550754.37;112755.84;913641.81;3560876.19;;3549326.25;0
14.00;22.00;-8393456983.67;6618208721.16;3656770.71;115218.43;930098.85;3658505.72;;3655342.25;0
14.00;23.00;-8434426898.67;6649787272.25;3761649.37;117652.31;946200.08;3754305.67;;3760221.25;0
14.00;24.00;-8476451192.15;6682197433.34;3864494.12;120053.12;961125.43;3845854.45;;3863066.75;0
14.00;25.00;-8519475148.91;6715389861.59;3965913.83;122203.78;975204.75;3935114.13;;3964483.25;0
15.00;15.00;-8549955371.50;6738433790.38;2842708.24;96610.38;815192.18;2963471.96;;2841181.5;0
15.00;16.00;-8581940655.83;6762693839.45;2976919.91;99511.84;839746.42;3077005.33;;2975392.5;0
15.00;17.00;-8615382386.80;6788133969.26;3104372.43;102313.51;863222.78;3186346.63;;3102844.75;0
15.00;18.00;-8650226314.92;6814709814.65;3228569.35;105042.35;884331.48;3291966.16;;3227044.25;0
15.00;19.00;-8686407674.44;6842363788.63;3349154.52;107703.57;904582.16;3395441.65;;3347629.25;0
15.00;20.00;-8723868379.06;6871044271.90;3467030.67;110259.74;922755.38;3497632.22;;3465506;0
15.00;21.00;-8762553455.03;6900702201.34;3581931.63;112755.84;940021.96;3598287.84;;3580406.25;0
15.00;22.00;-8802405372.27;6931288027.20;3692591.32;115218.43;956731.16;3695981.24;;3691065.5;0
15.00;23.00;-8843373106.82;6962757002.02;3798986.36;117652.31;973272.06;3791851.16;;3797461;0
15.00;24.00;-8885393906.87;6995053578.86;3902490.63;120053.12;988646.87;3884562.39;;3900965;0
15.00;25.00;-8928415292.09;7028131915.85;4003997.14;122203.78;1003310.68;3974271.48;;4002468.75;0
16.00;16.00;-8960402003.41;7052320397.20;2997565.46;99511.84;855990.91;3108637.48;;2995942.25;0
16.00;17.00;-8993840784.08;7077677526.21;3128788.09;102313.51;880477.50;3220262.24;;3127163.5;0
16.00;18.00;-9028678674.92;7104163422.05;3253554.90;105042.35;903653.97;3327025.27;;3251933.75;0
16.00;19.00;-9064855558.03;7131727026.31;3374352.97;107703.57;924344.38;3431245.05;;3372732;0
16.00;20.00;-9102318478.56;7160320849.42;3492825.12;110259.74;944686.89;3533762.57;;3491204.75;0
16.00;21.00;-9141011304.52;7189894033.86;3609411.70;112755.84;963565.08;3634720.68;;3607789.75;0
16.00;22.00;-9180869176.83;7220389883.09;3722038.61;115218.43;981137.57;3732914.74;;3720417;0
16.00;23.00;-9221837434.50;7251759545.78;3831610.87;117652.31;998196.67;3828992.79;;3829989;0
16.00;24.00;-9263857042.89;7283950376.58;3939107.09;120053.12;1014154.20;3921848.50;;3937486.25;0
16.00;25.00;-9306874717.27;7316918380.22;4041102.41;122203.78;1029337.50;4012484.38;;4039478.5;0
17.00;17.00;-9340314996.99;7342204912.41;3150073.50;102313.51;896577.80;3250521.58;;3148352.5;0
17.00;18.00;-9375151238.95;7368610945.43;3277909.16;105042.35;920515.96;3359571.69;;3276191.5;0
17.00;19.00;-9411322537.07;7396087395.39;3399240.54;107703.57;942871.21;3464968.36;;3397522.25;0
17.00;20.00;-9448779270.37;7424591408.37;3517957.45;110259.74;963647.41;3568306.77;;3516240.5;0
17.00;21.00;-9487469014.74;7454075858.40;3634817.41;112755.84;983739.76;3669757.36;;3633099.5;0
17.00;22.00;-9527330876.95;7484485852.53;3749649.30;115218.43;1002907.72;3768422.50;;3747931.25;0
17.00;23.00;-9568304582.36;7515768001.86;3860708.48;117652.31;1020931.11;3865061.71;;3858989.5;0
17.00;24.00;-9610326756.73;7547866008.09;3969547.49;120053.12;1037335.73;3958520.55;;3967830;0
17.00;25.00;-9653343472.43;7580732985.19;4075456.06;122203.78;1052917.36;4049519.44;;4073735.5;0
18.00;18.00;-9688181731.35;7607069610.21;3299667.46;105042.35;936595.20;3388873.06;;3297851.25;0
18.00;19.00;-9724354194.58;7634470190.57;3423242.65;107703.57;960040.54;3496541.07;;3421426;0
18.00;20.00;-9761808961.52;7662892738.56;3542716.43;110259.74;981735.90;3600653.20;;3540902;0
18.00;21.00;-9800492994.62;7692289932.57;3659878.20;112755.84;1002382.98;3702831.45;;3658062;0
18.00;22.00;-9840350445.74;7722612354.48;3774788.49;115218.43;1022285.50;3802093.21;;3772971.75;0
18.00;23.00;-9881324148.60;7753806933.51;3888377.51;117652.31;1041814.89;3899208.20;;3886561.75;0
18.00;24.00;-9923349895.38;7785818618.78;3998267.85;120053.12;1059176.13;3992970.46;;3996451.5;0
18.00;25.00;-9966370434.95;7818596934.08;4105451.94;122203.78;1075342.69;4084626.38;;4103633.5;0
19.00;19.00;-10002546965.60;7845931526.83;3444254.39;107703.57;976090.37;3525292.13;;3442341.25;0
19.00;20.00;-10040004220.27;7874280781.96;3565917.92;110259.74;999076.80;3631647.77;;3564006.5;0
19.00;21.00;-10078690937.22;7903602436.86;3684312.82;112755.84;1020256.45;3734502.76;;3682401.25;0
19.00;22.00;-10118544062.37;7933840655.90;3799608.62;115218.43;1040790.44;3834030.16;;3797696.25;0
19.00;23.00;-10159512225.45;7964948839.02;3913250.01;117652.31;1060540.50;3931544.76;;3911338.5;0
19.00;24.00;-10201537526.97;7996875004.78;4025737.98;120053.12;1079140.23;4025741.18;;4023826;0
19.00;25.00;-10244561627.04;8029569715.35;4133561.81;122203.78;1096490.38;4117763.57;;4131648;0
20.00;20.00;-10282022970.27;8057854032.80;3586325.65;110259.74;1015255.81;3659825.87;;3584317;0
20.00;21.00;-10320712294.72;8087104179.46;3706536.13;112755.84;1037513.12;3764878.11;;3704526.5;0
20.00;22.00;-10360569951.34;8117270368.25;3823094.37;115218.43;1058422.65;3865209.16;;3821085;0
20.00;23.00;-10401534959.26;8148296672.57;3937632.04;117652.31;1078908.57;3962979.77;;3935623;0
20.00;24.00;-10443554569.90;8180137395.51;4050420.15;120053.12;1097625.59;4057393.59;;4048410.75;0
20.00;25.00;-10486575252.06;8212745789.93;4160468.08;122203.78;1115714.41;4149599.54;;4158455.75;0
21.00;21.00;-10525265496.36;8241928927.23;3726169.39;112755.84;1054014.74;3792391.52;;3724063.75;0
21.00;22.00;-10565124591.96;8272024046.31;3844413.83;115218.43;1075570.76;3894963.02;;3842307.75;0
21.00;23.00;-10606093021.53;8302979231.32;3959767.44;117652.31;1096370.92;3993633.36;;3957661.75;0
21.00;24.00;-10648111618.30;8334742323.18;4073549.96;120053.12;1115720.04;4088319.02;;4071444.75;0
21.00;25.00;-10691126805.54;8367266270.33;4184778.02;122203.78;1134120.65;4180871.14;;4182670.5;0
22.00;22.00;-10730987004.47;8397295327.63;3863658.48;115218.43;1092189.73;3921981.62;;3861454.75;0
22.00;23.00;-10771957552.04;8428182296.21;3980212.55;117652.31;1113373.42;4022232.68;;3978010.75;0
22.00;24.00;-10813978041.74;8459874525.29;4094569.12;120053.12;1133111.46;4118376.74;;4092367.25;0
22.00;25.00;-10856993074.66;8492324358.77;4206368.09;122203.78;1151937.43;4211061.95;;4204163.5;0
23.00;23.00;-10897963600.41;8523144576.87;3999426.74;117652.31;1129809.04;4049038.82;;3997127.75;0
23.00;24.00;-10939989271.08;8554773295.17;4114597.61;120053.12;1149855.98;4146020.90;;4112298.5;0
23.00;25.00;-10983009433.81;8587156310.18;4227060.84;122203.78;1169273.35;4240706.99;;4224759;0
24.00;24.00;-11025030935.71;8618714627.60;4133705.67;120053.12;1166291.06;4172497.04;;4131309.25;0
24.00;25.00;-11068053072.03;8651032361.26;4246818.29;122203.78;1185813.49;4267451.50;;4244420.5;0
25.00;25.00;-11111071236.36;8683280251.01;4265864.69;122203.78;1202235.18;4293625.55;;4263370;0
